500

40.65
27.53
36.6
10.2
33.03
33.79
10.02
32.24
36.87
20.36
28.09
29.08
28.83
13.3
35.39
5.59
41
27.45
29.65
38.12
14.74
7.81
19.38
41.37
24.64
34.95
36.38
31.57
14.97
24.13
43.06
36.23
26.11
28.19
32.25
5.95
11.88
3.77
17.75
23.21
8
16.89
23.54
11.2
20.87
19.65
30
37.39
35.82
6.82
3.52
32.13
3.63
41.49
21.3
3.15
30.12
25.1
5.83
16.92
12.13
35.27
42.85
23.8
21.47
15.49
35.07
40.06
11.43
26.64
24.58
25.36
25.3
43.54
9.58
30.66
4.35
37
21.71
41.91
5.9
44.67
11.21
24.52
14.62
19.69
26.99
42.61
30.41
11.23
13.04
15.9
36.49
7.96
5.2
22.85
31.82
42.65
31.32
35.95
40.65
27.53
36.6
10.2
33.03
33.79
10.02
32.24
36.87
20.36
28.09
29.08
28.83
13.3
35.39
5.59
41
27.45
29.65
38.12
14.74
7.81
19.38
41.37
24.64
34.95
36.38
31.57
14.97
24.13
43.06
36.23
26.11
28.19
32.25
5.95
11.88
3.77
17.75
23.21
8
16.89
23.54
11.2
20.87
19.65
30
37.39
35.82
6.82
3.52
32.13
3.63
41.49
21.3
3.15
30.12
25.1
5.83
16.92
12.13
35.27
42.85
23.8
21.47
15.49
35.07
40.06
11.43
26.64
24.58
25.36
25.3
43.54
9.58
30.66
4.35
37
21.71
41.91
5.9
44.67
11.21
24.52
14.62
19.69
26.99
42.61
30.41
11.23
13.04
15.9
36.49
7.96
5.2
22.85
31.82
42.65
31.32
35.95
40.65
27.53
36.6
10.2
33.03
33.79
10.02
32.24
36.87
20.36
28.09
29.08
28.83
13.3
35.39
5.59
41
27.45
29.65
38.12
14.74
7.81
19.38
41.37
24.64
34.95
36.38
31.57
14.97
24.13
43.06
36.23
26.11
28.19
32.25
5.95
11.88
3.77
17.75
23.21
8
16.89
23.54
11.2
20.87
19.65
30
37.39
35.82
6.82
3.52
32.13
3.63
41.49
21.3
3.15
30.12
25.1
5.83
16.92
12.13
35.27
42.85
23.8
21.47
15.49
35.07
40.06
11.43
26.64
24.58
25.36
25.3
43.54
9.58
30.66
4.35
37
21.71
41.91
5.9
44.67
11.21
24.52
14.62
19.69
26.99
42.61
30.41
11.23
13.04
15.9
36.49
7.96
5.2
22.85
31.82
42.65
31.32
35.95
40.65
27.53
36.6
10.2
33.03
33.79
10.02
32.24
36.87
20.36
28.09
29.08
28.83
13.3
35.39
5.59
41
27.45
29.65
38.12
14.74
7.81
19.38
41.37
24.64
34.95
36.38
31.57
14.97
24.13
43.06
36.23
26.11
28.19
32.25
5.95
11.88
3.77
17.75
23.21
8
16.89
23.54
11.2
20.87
19.65
30
37.39
35.82
6.82
3.52
32.13
3.63
41.49
21.3
3.15
30.12
25.1
5.83
16.92
12.13
35.27
42.85
23.8
21.47
15.49
35.07
40.06
11.43
26.64
24.58
25.36
25.3
43.54
9.58
30.66
4.35
37
21.71
41.91
5.9
44.67
11.21
24.52
14.62
19.69
26.99
42.61
30.41
11.23
13.04
15.9
36.49
7.96
5.2
22.85
31.82
42.65
31.32
35.95
40.65
27.53
36.6
10.2
33.03
33.79
10.02
32.24
36.87
20.36
28.09
29.08
28.83
13.3
35.39
5.59
41
27.45
29.65
38.12
14.74
7.81
19.38
41.37
24.64
34.95
36.38
31.57
14.97
24.13
43.06
36.23
26.11
28.19
32.25
5.95
11.88
3.77
17.75
23.21
8
16.89
23.54
11.2
20.87
19.65
30
37.39
35.82
6.82
3.52
32.13
3.63
41.49
21.3
3.15
30.12
25.1
5.83
16.92
12.13
35.27
42.85
23.8
21.47
15.49
35.07
40.06
11.43
26.64
24.58
25.36
25.3
43.54
9.58
30.66
4.35
37
21.71
41.91
5.9
44.67
11.21
24.52
14.62
19.69
26.99
42.61
30.41
11.23
13.04
15.9
36.49
7.96
5.2
22.85
31.82
42.65
31.32
35.95
